0.761624 0.581305 0.281723 0.771031 0.279321 0.554672 0.756725 0.83332 0.751416 0.74935 0.70153 0.662342 0.255124 0.33163 0.820744 0.825848 0.687688 0.245968 0.300084 0.987172 0.300631 0.852169 0.0875459 0.344672 0.61225 0.238753 0.326278 0.495178 0.308812 0.201546 0.383232 0.580159 0.21307 0.101777 0.451985 0.38737 0.279145 0.596368 0.492612 0.258035 0.438238 0.671534 0.293678 0.699761 0.781345 0.823858 1.0 0.553233 0.141969 0.584315
0.851787 0.794729 0.105006 0.917252 0.907201 0.545754 0.835766 0.689327 0.608443 0.0588609 0.788059 0.326566 0.582376 0.449986 0.387577 0.799596 0.210352 0.892162 0.905488 0.537203 0.726165 0.302463 0.0 0.755355 0.15167 0.380978 0.0672541 0.271018 0.170574 0.239901 0.249211 0.168305 0.893826 0.542385 0.620894 0.618797 0.282592 0.77421 0.307487 0.991556 0.388443 0.0630869 0.197099 0.339431 0.0 1.0 0.25344 0.724023 0.0592144 0.127929
0.453197 0.282627 0.121137 0.415274 0.454543 0.0 0.437318 0.405345 0.434422 0.722933 0.92117 0.225802 0.601997 0.0243686 0.400875 0.322958 0.451548 0.544933 0.794141 0.320597 0.13724 0.474151 0.326681 0.562405 0.363005 0.972961 0.226744 0.013484 0.345049 0.910661 0.618307 0.459744 0.271436 0.0848766 0.063125 0.438368 0.612453 0.441637 0.446535 0.18138 0.20318 0.0344644 0.907084 0.788956 0.192458 0.656144 0.529887 0.728472 0.635335 0.76949
0.849855 0.635286 0.733768 0.43397 0.619757 0.490018 0.55824 0.837892 0.446823 0.336264 0.907587 0.596574 0.603776 0.763225 0.225008 0.19544 0.645227 0.810389 0.990714 0.891028 0.744569 0.960278 0.697377 0.416073 0.251062 0.147903 0.452031 0.392951 0.73157 0.269658 0.880739 0.239275 0.577529 0.224034 0.866491 0.143574 0.81954 0.74615 0.401209 0.964139 0.912815 0.118363 0.59254 0.835926 0.622889 0.925784 0.562926 0.593537 0.861728 0.3603
0.389743 0.669783 0.420967 0.441489 0.536792 0.313923 0.37255 0.835531 0.885195 0.660558 0.155676 0.465593 0.29002 0.183419 0.658612 0.0 0.528703 0.991849 0.166091 0.774661 0.742048 0.891373 0.640005 0.196184 0.115242 0.313628 0.470979 0.932562 0.493163 0.272044 0.663369 0.611336 0.68925 0.372123 0.544255 0.382522 1.0 0.689715 0.791579 0.305923 0.766518 0.561929 0.348668 0.320973 0.295582 0.268668 0.208845 0.728918 0.800548 0.681907
0.559389 0.783906 0.65824 1.0 0.319144 0.880703 0.73312 0.257555 0.388812 0.795813 0.414019 0.488092 0.516886 0.324031 0.364752 0.34602 1.0 0.565432 0.212965 0.276912 0.727579 0.986132 0.84299 0.880516 0.853511 0.868728 0.724868 0.908621 0.724295 0.820753 0.559701 0.48343 0.740294 0.239162 0.272069 0.367825 0.269022 0.536489 0.627821 0.803134 0.777027 0.162314 0.404503 0.600961 0.559217 0.253338 0.378375 0.338029 0.909476 0.704662
0.266746 0.542229 0.314822 0.523708 0.134762 0.14181 0.292811 0.425217 0.304817 0.38536 0.237878 0.133078 0.587091 0.0671269 0.847292 0.294174 0.699776 0.186258 0.0 0.771127 0.774249 0.265029 0.527869 0.892596 0.484389 0.468464 0.627903 0.289912 0.513854 0.31591 0.798607 0.877073 0.660505 0.387024 0.339102 0.00651211 0.352751 0.0519744 0.151655 0.742882 0.304621 0.00910866 0.517656 0.825625 0.953473 0.733658 0.0690899 0.338511 0.984688 0.493955
0.175967 0.214807 0.692381 0.637879 0.702976 0.938592 0.954655 0.187305 0.446413 0.19845 0.171953 0.378796 0.849778 0.551874 0.816545 0.730456 0.396839 0.968922 0.131281 0.019924 0.0731978 0.585715 0.570597 0.171388 0.198242 0.60986 0.669137 1.0 0.482281 0.742025 0.154755 0.686548 0.0 0.759778 0.585129 0.827759 0.752819 0.93651 1.0 0.369528 0.678487 0.111967 0.443923 0.981461 0.246753 0.0648241 0.95312 0.396951 0.417754 1.0
0.324691 0.192869 0.185195 0.551833 0.813624 0.739106 0.844869 0.253548 1.0 0.319816 0.569525 0.635439 0.159863 0.505195 0.524299 0.0907469 0.767802 0.613802 0.126728 0.758422 0.710829 0.469158 0.726224 0.401934 0.941236 0.896866 0.245843 0.363816 0.859369 0.294231 0.446753 0.232086 0.418829 0.324125 0.844977 0.385519 0.815584 0.421606 0.596956 0.560448 0.105518 0.0 0.0846968 0.532087 0.441454 0.960306 0.677558 0.164908 0.527676 0.105405
0.266408 0.673904 0.275488 0.9261 0.407069 0.487186 0.321809 0.674777 0.269225 0.73611 0.540986 0.895922 0.181602 0.837832 0.701518 0.443325 0.312554 0.730687 0.886186 0.318603 0.625489 0.672553 0.624278 0.0519329 0.841657 0.104791 0.345124 0.315416 0.583696 0.221636 0.392291 0.181715 0.541478 0.578033 0.691759 0.471951 0.238199 0.209558 0.549551 0.105398 0.195183 0.82603 0.122586 0.417818 0.850887 0.353136 0.962579 0.740055 0.887613 0.451372
0.281609 0.250515 0.815438 0.371006 0.13126 0.67656 0.6383 0.46498 0.464925 0.646319 0.431907 0.513355 0.156451 0.186863 0.313733 0.13735 0.575685 0.11734 0.822816 0.127579 0.488065 0.958335 0.353418 0.477369 0.663313 0.155135 0.822578 0.900026 0.758515 0.472173 0.460731 0.310079 0.145447 0.976537 1.0 0.994995 0.782961 0.832816 0.182233 0.828346 1.0 0.165636 0.202128 0.579325 0.0635903 0.0 0.367604 0.103914 0.317661 0.311196
0.489464 0.520002 0.459296 0.251486 0.598911 0.808583 0.218612 0.749448 0.640531 0.851522 0.80422 0.261716 0.714887 0.520565 0.715939 0.863375 0.707146 0.723968 0.517537 0.538891 0.31322 0.78782 0.623431 0.177522 1.0 0.194268 0.280747 0.552314 0.303743 0.464727 0.896393 0.879722 0.519891 0.522472 0.563273 0.152183 0.459732 0.147798 0.243887 0.285687 0.477004 0.541141 1.0 0.269829 0.510859 0.255568 0.674332 0.139244 0.0 0.105465
0.0194961 0.641211 0.11143 0.911991 0.12629 0.22587 0.236769 0.348176 0.692614 0.371125 0.573966 1.0 0.45028 0.701199 1.0 0.985992 0.579023 0.204259 0.746574 0.665872 0.0 0.408356 0.000801742 0.622565 0.714348 0.308128 0.466797 0.574406 0.111179 0.354894 0.65585 0.768081 0.877976 0.179393 0.685478 0.136893 0.0 0.379261 0.229592 0.480967 0.0 0.93306 0.808577 0.656169 0.375369 0.930151 0.305548 0.0 0.634647 0.319406
0.710452 0.319726 0.192652 0.408005 0.818265 0.655389 0.353805 0.480883 0.339586 0.630374 1.0 0.951207 0.767857 0.603202 0.655349 0.396374 0.386141 0.898164 0.859973 0.210431 0.141116 0.909552 0.427523 0.401358 0.847527 0.718752 0.270771 0.0598118 0.458642 0.265598 0.78657 0.774688 0.54005 0.325496 0.189873 0.118478 0.248801 0.655626 0.983001 0.528838 0.355627 0.035841 0.152423 0.388892 0.632987 0.969737 0.63108 0.344351 0.333617 0.0901237
0.443714 0.714205 0.770325 0.698264 0.167252 0.100413 0.820659 0.672769 0.280231 0.451666 0.221028 0.823641 0.755431 0.687398 0.324334 0.230261 0.525499 0.292738 0.168321 0.794019 0.19854 0.528409 0.139114 0.708788 0.695665 0.830416 0.807966 0.170152 0.721805 0.496097 0.553326 0.633935 0.163413 0.0442233 0.547719 0.42457 0.200394 0.394104 0.347066 0.132233 0.607686 0.592695 0.331618 0.341011 0.287274 0.0675176 0.439342 0.641564 0.301614 0.792569
0.55882 0.647994 0.815386 0.897146 0.729386 0.570888 0.884857 1.0 0.7648 0.612019 0.425665 0.665042 0.568454 0.461627 0.0 0.344278 0.288195 0.446556 0.534786 0.0 1.0 0.851341 0.337614 0.937595 0.505102 0.312404 0.614478 0.812843 0.419903 0.685536 0.879733 0.577219 0.338273 0.499227 0.322283 0.480711 0.589796 0.489099 0.316466 0.592598 0.322261 0.300176 0.154755 0.921426 0.322061 0.6706 0.0 0.462194 0.4057 0.453199
0.448836 0.663821 0.408601 0.773757 0.546424 0.813951 0.743808 0.492005 0.45441 0.52346 0.586546 0.755389 0.731897 0.64685 0.360927 1.0 0.357672 0.675814 0.397454 0.770724 0.328495 0.65327 0.27875 0.51984 0.506457 0.449678 0.361081 0.660158 0.916374 1.0 0.217627 0.471182 0.334308 0.152244 0.59865 0.718089 0.313692 0.0 0.554502 0.125959 0.25765 0.122351 0.561411 0.677163 0.53784 0.253636 0.851269 0.235657 0.825129 0.283768
0.60816 0.269422 0.208792 0.621145 0.0774818 0.444053 0.716228 0.415478 0.680961 0.464216 0.684633 0.449986 0.616885 0.641343 0.339068 0.803117 0.479467 0.918343 0.810479 0.610036 0.361444 0.773215 0.487493 0.65757 0.994295 0.974977 0.539128 0.273406 0.618734 0.674231 0.180265 0.354282 0.524951 0.301846 0.0 0.651963 0.020931 0.633186 0.855441 0.688963 0.0642969 0.141198 0.6917 0.0 0.357216 0.820252 0.53303 0.0288444 0.604426 0.567972
0.071193 0.121007 0.0455215 0.637163 0.0 0.504816 0.209392 0.545944 0.335615 0.693284 0.488087 0.756511 0.275603 0.499859 0.681447 0.57637 0.231026 0.34414 0.91905 0.71194 0.284417 0.416904 0.369385 0.50567 0.848138 1.0 0.853657 0.687414 0.0775704 0.426048 0.162529 0.599537 0.447896 0.725183 0.204801 0.48788 0.149891 0.124969 0.963623 0.941972 0.719109 0.833824 0.176159 0.586019 0.682733 0.109419 0.30883 0.378403 0.365754 0.627781
0.440275 0.329303 0.527193 0.244873 0.5349 0.210811 0.25475 0.661554 0.584842 0.416787 0.751944 0.479157 0.803017 0.755995 0.546229 0.288652 0.517312 0.126844 0.291114 0.98823 0.821467 0.729996 0.445836 0.484142 0.250005 0.0 0.0566376 0.0477151 0.718219 0.711685 0.299205 0.44196 0.419877 0.304447 0.568264 0.365271 0.230004 0.604492 0.410022 0.835094 0.382202 0.407849 0.297675 0.178871 0.83793 0.327355 0.658621 0.614689 0.639158 0.889525
0.334734 0.227525 0.678227 0.44502 0.411119 0.209236 0.919736 0.580496 0.562155 0.423496 0.716854 0.449115 0.0498344 0.255942 0.649151 0.48552 0.396078 0.954992 0.174623 0.526541 0.943576 1.0 1.0 0.808045 0.159956 0.11059 0.499045 0.900364 0.374533 0.495128 0.253521 0.307468 0.198231 0.187822 0.725363 1.0 0.809829 0.364628 0.515659 0.45768 0.487798 0.849999 0.651334 0.712555 0.189456 0.624322 0.440567 1.0 0.935979 0.698777
0.0528914 0.475639 0.4097 0.586775 0.0200517 0.156756 0.445464 0.327652 0.777654 0.828359 0.3788 0.382461 0.418208 0.611805 0.288881 0.400708 0.835193 0.674177 0.720121 0.577256 0.74587 0.0649866 0.338498 0.256735 0.813963 0.755468 0.216078 0.484622 0.0 0.379541 0.514817 0.42223 0.553898 0.708234 0.296094 0.142517 0.940575 0.51905 0.310025 0.167825 0.412483 0.129042 0.0254539 0.454431 0.303718 0.263196 0.840128 0.411107 0.495368 0.330277
0.171036 0.329006 0.541634 0.0 0.193628 0.767894 0.435081 0.338161 0.714187 0.23706 0.903244 0.659895 0.355481 0.420937 0.460471 0.36162 0.866632 0.391199 0.830034 0.604481 0.435973 0.0976695 0.862134 0.609863 0.842055 0.481593 0.397234 0.787025 0.00854784 0.342072 0.633352 0.11786 0.330927 0.86385 0.652233 0.624963 0.856339 1.0 0.326495 0.326395 0.810013 0.549647 0.332887 0.651711 0.22393 0.718117 0.0945977 0.39307 0.532761 0.329851
0.332933 1.0 0.436831 0.929296 1.0 0.783955 0.612176 0.603392 0.556571 0.753608 0.0 0.2908 0.526941 0.91813 0.389823 0.575723 0.696517 0.604892 0.803877 0.0581098 0.9518 0.571126 0.228369 0.375535 0.155046 0.818605 0.727791 0.845803 0.58749 0.0 0.699798 0.0 0.309919 0.615022 0.967391 0.560625 0.76557 0.692616 0.190822 0.528403 0.789363 0.302084 0.0131902 0.874957 0.0841596 0.149507 0.216738 0.338112 0.388204 0.770863
0.685447 0.718584 0.769671 0.0232756 0.624698 0.642246 0.53218 0.670295 0.0 0.557369 0.374156 0.75049 0.699117 0.738467 0.561459 0.662837 0.0 0.912042 0.339667 0.202607 0.871189 0.743779 0.0386673 0.182813 0.635904 0.442946 0.728149 0.598768 0.644075 0.635132 0.509194 0.0604769 0.87021 0.403101 0.14376 0.787152 0.811392 0.584571 0.119078 1.0 0.594922 0.620028 0.701904 0.316257 0.344856 0.401133 0.395112 0.274992 0.782624 0.205974
0.394689 0.767068 0.261567 0.429245 0.157862 0.726345 0.0 0.186084 0.445258 0.200395 0.578014 0.600604 0.466515 0.401438 0.251138 0.564049 0.106577 0.518886 0.422277 0.78777 0.579544 0.321056 0.58662 0.0 0.278064 0.83048 0.472147 0.00984949 0.616175 0.415031 0.673232 0.545552 0.970633 0.88013 0.20864 0.894986 0.762932 0.363591 0.595134 0.0993073 0.280323 0.820145 0.871507 0.266638 0.843824 0.429277 0.677326 0.653763 0.29825 0.229707
0.939276 0.95788 0.264833 0.254169 0.915869 0.179575 0.967983 0.233264 0.435521 0.903801 0.109782 0.373713 0.0907123 0.0865404 0.465738 0.460023 0.496555 0.331361 0.586426 0.196911 0.512145 0.520018 0.58568 0.691224 0.0 0.216395 0.621959 0.921494 0.370169 0.712516 0.653039 0.805914 0.542226 0.573273 0.420348 0.0903451 0.52012 0.820191 0.81454 0.0 0.854694 0.792329 0.00967979 0.310781 0.0546952 0.636149 0.661903 0.274602 0.355267 0.685352
0.712204 0.706608 0.660107 0.255435 0.383357 0.130864 0.342653 0.726225 0.634078 0.787607 0.672841 0.353116 0.342294 0.236613 0.903639 0.821391 0.00150031 0.561372 0.389341 0.375195 0.0553247 0.181692 0.571001 0.773912 0.47443 0.751111 0.876173 0.649893 0.464923 0.232067 0.444562 0.456197 0.250831 0.0 0.466272 0.541343 0.337617 0.332814 0.392023 0.838104 0.0781203 0.654738 0.654569 0.86647 0.261224 0.550261 0.375229 0.687201 0.459334 0.456608
0.242657 0.175113 0.820487 0.11435 0.793876 0.435106 0.603222 0.428278 0.462452 0.92556 0.690511 0.664761 0.586725 0.65185 0.324924 0.723029 0.396469 0.460484 0.419371 0.346802 0.547559 0.313935 0.246607 0.301891 0.931484 0.896154 0.840631 0.231268 0.335328 0.586253 0.715778 0.515006 0.215251 0.686267 0.90489 0.405669 0.367868 0.554989 0.647866 0.160582 0.164847 0.676279 0.394665 0.857381 0.937346 0.371838 0.918878 0.307828 0.90779 0.884292
0.806584 0.664374 1.0 0.476344 0.512271 0.668564 0.531693 0.395108 0.406424 1.0 0.0763744 0.243008 0.553315 0.462178 0.44441 0.0804236 0.291675 0.625855 0.713666 0.697335 0.358978 0.93855 0.404401 0.586297 0.711807 0.480334 0.768361 0.50805 0.680911 0.245235 0.716755 0.834747 0.281807 0.551945 0.90258 0.713622 0.294318 0.797678 0.647029 0.401791 0.487086 0.231604 0.112683 0.674025 0.0450327 0.73464 0.441603 0.614824 1.0 0.60127
0.444548 0.686424 0.582163 0.797854 0.0543813 0.520741 0.17237 0.400474 0.687061 0.584513 0.965347 0.41282 0.405289 0.799622 0.916498 0.214985 0.175038 0.430995 0.279881 0.804638 0.600308 0.486855 0.519786 0.643929 0.386146 0.204642 0.195126 0.799652 0.779029 0.329862 0.731194 0.551028 0.425119 0.570027 0.112975 0.648047 0.226275 0.923675 0.468278 0.572318 0.344947 0.383343 0.926262 0.743782 0.481316 0.877797 0.614859 0.316388 0.617714 0.241187
0.296119 0.00866431 0.15539 0.613084 0.74374 0.347217 0.177745 0.943532 0.325147 0.131941 0.567196 0.779841 0.0 0.43882 0.199556 0.289269 0.636347 0.503198 0.314167 0.336209 0.103918 0.614053 0.711982 0.271702 0.220768 0.741104 0.532624 0.674835 0.813407 0.0863825 0.342135 0.602189 0.607381 0.126842 0.860815 0.74589 0.444871 0.574453 0.766216 0.382331 0.176155 0.846355 0.242731 0.89324 0.587236 0.371479 0.0717648 0.891107 0.577593 0.476926
0.5178 0.567078 0.776984 0.515996 0.579733 0.545627 0.273617 0.829738 0.898743 0.545804 0.684877 0.468517 0.758546 1.0 0.436289 0.437959 0.599621 0.219497 0.961562 0.927186 0.49593 0.0 0.0456004 0.277539 0.5602 0.292412 0.77164 0.566722 0.492959 0.394083 0.368029 0.505093 0.566444 0.648013 0.304103 0.829922 0.668581 0.607824 0.65369 0.589749 0.515009 0.478559 0.692049 0.809681 0.813549 0.0936584 0.15859 0.104846 0.526249 0.628609
0.769317 0.0475582 0.405433 0.520931 0.361854 0.478958 0.679367 0.876201 0.58902 0.406203 0.420187 0.245847 0.455193 0.807204 0.512266 0.679493 0.615571 0.535491 0.830956 0.147167 0.459614 0.316627 0.224463 0.359709 0.506782 0.651494 0.303455 0.36691 0.367649 0.511483 0.355533 0.773811 0.843628 0.859093 0.860014 0.0343938 0.258843 0.638419 0.450846 0.202013 0.416247 0.522876 0.859141 0.22354 0.698988 0.276149 0.252648 0.0203288 0.977386 0.283578
0.515126 0.606512 0.0 0.287161 0.469526 0.630299 0.297053 0.377358 0.555544 0.903065 0.60968 0.762162 0.358299 0.253988 0.461819 0.627116 0.356991 0.422653 0.662092 1.0 0.0852011 0.593916 0.322343 0.0689433 0.947251 0.370943 0.732581 0.156274 0.600261 0.701022 0.271077 0.747281 0.265812 0.435583 0.226316 0.57824 0.560867 0.0811892 0.746196 0.920457 0.147668 0.824269 0.115979 0.190733 0.473351 0.458481 0.346029 0.370576 0.736485 0.219763
0.27731 0.24691 0.425111 0.942945 0.56472 0.415418 0.785792 0.328531 0.69795 0.182212 0.611885 0.812943 0.435874 0.885474 0.540813 0.868026 0.76982 0.261766 0.5849 0.566082 0.437418 0.974772 0.061403 0.408255 0.714191 0.874455 0.219943 0.0473976 0.621754 0.635299 0.854537 0.722568 0.48291 0.692828 0.247999 0.632977 0.712924 0.372574 0.333931 0.391879 0.648609 0.824223 0.681331 0.279476 0.660855 0.572579 0.272707 0.617633 0.428992 0.329761
0.404093 0.0 0.292141 0.0748143 0.814527 0.0339028 0.482761 0.675034 0.626773 0.0 0.84578 0.511479 0.0654951 0.101166 0.134891 0.503901 0.223133 0.647681 0.876652 0.186193 0.899518 0.299027 0.65793 0.840463 0.518477 0.935481 0.434601 0.814165 0.292791 0.125332 0.59541 0.513074 0.203013 0.531907 0.475214 0.869273 0.860996 0.427468 0.499911 0.787814 0.714251 0.753085 0.525284 0.675425 0.335721 0.156283 0.352868 0.350623 0.51073 0.287015
0.931468 0.412128 0.627883 0.195874 0.808596 0.444403 0.68656 0.184303 0.292974 0.693081 0.887309 0.0 0.706486 0.751122 0.585963 0.0434222 0.228648 0.0 0.291573 0.280702 0.773934 0.562239 0.24553 0.338662 0.645066 0.382054 0.817463 0.560853 1.0 0.121331 0.439427 0.0860667 0.616774 1.0 0.609434 0.235723 0.591055 0.461747 0.0 0.719616 0.530983 0.39662 0.42171 0.492458 0.145085 0.662692 0.689098 0.836032 0.800889 0.580946
1.0 0.335615 0.590096 0.784794 0.559601 0.85839 0.448357 0.858012 0.796571 0.833579 0.592443 0.184591 0.155814 0.301258 0.461489 0.442645 0.607005 0.167083 0.335321 0.440614 0.758027 0.79358 0.222218 0.643419 0.668039 0.783185 0.639045 0.0905056 0.305921 0.811385 0.37648 0.459522 0.530234 0.635561 0.430815 0.12332 0.670273 0.301509 0.597465 0.620491 0.343725 0.541353 0.701702 0.619828 0.694379 0.309635 0.785396 0.340746 0.843173 0.273512
0.0 0.401994 0.211698 0.505576 0.0413871 0.149278 0.0035466 0.201078 0.65962 0.491386 0.927906 0.272364 1.0 0.665734 0.854914 0.816288 0.478887 0.577879 0.5031 0.425183 0.763289 0.828809 0.198814 0.336662 0.873644 0.591325 0.322288 0.763823 0.778267 0.420026 0.27589 0.296188 0.516582 0.717735 0.849997 0.0 0.349082 0.617275 0.376768 0.0933839 0.55392 0.274704 0.744701 0.753508 1.0 0.944612 0.357045 0.156225 0.892107 0.307317
0.224757 0.0682397 0.778835 0.471953 0.167723 0.607983 0.789592 0.49262 0.529285 0.907851 0.737602 0.336403 0.857773 0.743898 0.788995 0.447703 0.756562 0.81573 0.685369 0.87836 0.0838411 0.144852 0.651153 0.649618 0.195081 0.856407 0.265659 0.469761 0.250506 0.395409 0.444141 1.0 0.677726 0.670963 0.221967 0.821559 0.168961 0.595093 0.518253 0.288404 0.487836 0.833752 0.572702 0.486625 0.936456 0.400856 0.493466 0.551169 0.730301 0.363438
0.722099 0.198611 0.374164 0.949955 0.230016 0.981624 0.336822 0.465442 0.527603 0.850139 0.222248 0.7563 0.588491 0.82147 0.444646 0.552536 0.630374 0.647464 0.504202 0.871434 0.613317 0.819813 0.465568 0.383157 0.491544 0.790196 0.36427 0.0 0.496568 0.448547 0.778591 0.693231 0.850472 0.0757625 0.906086 0.585344 0.777682 0.0320067 0.459378 0.540072 0.377412 0.807598 0.631256 0.797229 0.491275 0.784936 0.527142 0.0202851 0.357837 0.666303
0.687615 0.189318 0.171047 0.220776 0.231521 0.459153 1.0 0.140929 0.417761 0.699643 0.596736 0.321263 0.653976 0.887224 0.223506 0.639345 0.636515 0.614191 0.747316 0.91439 0.705081 0.849161 0.110138 0.656697 0.471363 0.384795 0.805308 0.850578 0.882088 0.604602 1.0 0.123647 0.0899024 0.833088 0.869564 0.190097 0.593266 0.786193 0.224844 0.180252 0.322197 1.0 0.031347 0.337818 0.402996 0.311283 0.87793 0.308479 0.401562 0.197182
0.568278 0.403346 0.496713 0.0654579 0.316974 0.374901 0.522498 0.243925 0.873326 0.693158 0.926077 0.706441 0.193597 0.346793 0.320255 0.740268 0.359031 0.319042 0.837119 0.402532 0.638303 0.701287 0.484271 0.383687 0.07593 0.685009 1.0 0.126047 0.939258 0.473352 0.744634 0.630474 0.775954 0.797212 0.821281 0.505276 0.428064 0.334468 0.0913928 0.566162 0.727834 0.873097 0.339161 1.0 0.0972564 0.7748 0.693958 0.692811 0.032559 0.392335
0.333145 0.0814603 0.495288 0.617862 0.534733 1.0 0.262207 0.795577 0.640054 0.311074 0.568839 0.0682673 0.614862 0.076734 0.846127 0.478657 0.599436 0.89792 0.803377 0.821696 0.612115 0.383416 0.552937 1.0 0.807833 0.654495 0.882957 0.366095 0.538306 0.611 0.491955 0.379708 0.532364 0.621224 0.173433 0.398659 0.908045 0.637999 0.490026 0.314338 0.442821 0.398849 0.0 0.61864 0.360956 0.324301 0.471265 0.323935 0.512645 0.0
0.454346 0.655778 0.325531 0.518885 0.233142 0.639219 0.0373915 0.679768 0.720197 0.133607 0.626104 0.359007 0.311905 0.38225 0.559139 0.431777 0.181236 0.524667 0.663802 0.598731 0.449664 0.664636 0.622605 0.693187 0.533002 0.442513 0.0 0.365139 0.738598 0.293467 0.595905 0.936803 1.0 0.697711 0.695695 0.30347 0.0229036 0.718209 0.251754 0.850524 0.0474941 0.136588 0.652758 0.539499 0.476083 0.3667 0.25595 0.278945 0.733805 0.770784
0.492944 0.246986 0.744978 0.798667 0.18289 0.578442 0.872073 0.534482 0.545483 0.158341 0.430523 0.945022 0.88476 0.187551 0.964892 0.328062 0.739187 0.851988 0.604585 0.752951 0.169054 0.155767 0.547541 0.223105 0.429729 0.463011 0.623592 0.116027 0.13863 0.372862 0.713615 0.448995 0.520897 0.342074 0.213354 0.744777 0.602968 0.735406 0.59748 0.387135 0.539709 0.592068 0.385269 0.51858 0.716966 0.6154 0.666683 0.10806 0.653447 0.657059
0.623558 0.528817 0.613777 0.0872404 0.271785 0.425383 0.769813 0.582804 0.902395 0.746189 0.783957 0.747955 0.15932 0.681171 0.849878 0.0900797 0.53246 1.0 0.598191 0.828059 0.566778 0.263745 0.530449 0.901307 0.737223 0.194386 0.623703 0.545861 0.477236 0.0917381 0.8054 0.48417 0.268196 0.383099 0.288378 0.304251 0.788088 0.238913 0.5707 0.933506 0.744077 0.671307 0.6974 0.734884 0.621607 0.50721 0.745564 0.830551 0.181662 0.481217
0.00591716 0.206301 0.566475 0.446228 0.491114 0.699597 0.134383 0.0 0.533732 0.827858 0.433336 0.860569 0.565584 0.00246602 0.808158 0.88709 0.740746 0.676546 0.526406 0.683303 0.299316 0.455327 0.315652 0.0487612 0.804336 0.658981 0.334987 0.192704 0.283372 0.668532 0.0 0.365276 0.834666 0.00999931 0.633745 0.540712 0.667995 0.0496097 0.271714 0.446069 0.116736 0.899278 0.29633 0.686313 0.245795 0.278562 0.902156 0.261533 0.198528 0.138809
0.425581 0.17929 0.280012 0.722217 0.346695 0.80483 0.5561 0.870637 0.385678 0.524109 0.52671 0.690055 0.594185 0.0 0.716647 0.653608 0.429032 0.333741 1.0 0.359917 0.167962 0.381205 0.194911 0.686556 0.715181 0.167235 0.418229 0.675901 0.864041 0.340259 0.747181 0.446157 0.559666 0.780969 0.662179 0.721521 0.327079 0.289638 0.77737 0.0163023 0.255677 0.738149 0.39867 0.440653 0.130744 0.0543967 0.472497 0.744631 0.220051 0.709775