0.513066 0.312024 0.688181 0.473437 0.242673 0.743144 0.633462 0.883652 0.0553461 0.696997 0.331913 0.106802 0.6874 0.308453 0.2974 0.0900344 0.396265 0.155018 0.518842 0.421781 0.703477 0.270975 0.406985 0.442175 0.439527 0.741364 0.688322 0.172892 0.327546 0.486398 0.758947 0.383619 0.624187 0.420977 0.420606 0.716861 0.652714 0.532862 0.245992 0.478786 0.14633 0.738859 0.879881 0.752462 0.812236 0.396369 0.194175 0.821057 0.515085 0.382727
0.415964 0.363295 0.735586 0.4607 0.729244 0.475014 0.530188 0.131087 0.971549 0.729925 0.280874 1.0 0.680696 0.131724 0.400439 0.7119 0.719771 0.429987 0.41153 0.515902 0.443839 0.347218 0.22938 0.110191 0.198764 0.138768 0.736905 0.520355 0.422684 0.103226 0.390112 0.750992 0.653706 0.498624 0.538386 0.664928 0.456121 0.177032 0.591354 0.791425 0.629024 0.385105 0.869675 0.520015 0.400858 0.446777 0.431961 0.40379 0.720839 0.366991
0.884714 0.569152 0.28664 0.35481 0.245362 0.727512 0.825129 0.141543 0.0359555 0.450394 0.742237 0.779908 0.528732 0.88055 0.0919549 0.0579028 0.889475 0.0146208 0.365019 0.445353 0.833684 0.251519 0.805304 0.870458 0.940148 0.177358 0.410561 0.357448 0.316832 0.345766 0.815053 0.541392 0.665619 0.587694 0.848076 0.468241 0.673702 0.438573 0.208299 0.484583 1.0 0.849462 0.283535 0.654986 0.870239 0.497407 0.636738 0.551937 0.296256 1.0
0.53333 0.272225 0.652984 0.449097 0.431282 0.0 0.544026 0.892751 0.868613 0.403277 0.281876 0.906221 0.699061 0.552888 0.935718 0.363025 0.807697 0.324048 0.482185 0.802288 0.253608 0.71236 0.51471 0.418393 0.273147 0.171153 0.665354 0.350886 0.745872 0.279305 0.743244 0.12109 0.945211 0.460737 0.557769 0.361 0.543331 0.883429 0.2627 0.566314 0.611435 0.267582 0.745412 0.63539 0.645809 0.581496 0.539756 0.595302 0.50772 0.739943
0.568354 0.289231 0.641367 0.669521 0.425716 0.744445 0.401309 0.760453 0.380989 0.412725 0.497994 0.555374 0.922987 0.749376 0.54709 0.479251 1.0 0.577289 0.768579 0.541757 0.444295 0.635952 0.146841 0.515839 0.55263 0.182003 0.838606 0.31024 0.796891 0.430702 0.514685 0.243242 0.745284 0.618568 0.383918 1.0 0.30459 0.913092 0.55374 0.538242 0.260399 0.648351 0.840692 0.829369 0.60612 0.411987 0.371485 0.654686 0.122514 0.404458
0.462534 0.241644 0.742081 0.876002 0.77204 0.234534 0.404844 0.947527 1.0 0.162123 0.30414 0.730353 0.329818 0.552177 0.351787 0.212803 0.16055 0.591049 0.304008 0.521339 0.451885 0.665426 0.448782 0.559139 0.329243 0.791476 0.900493 0.455736 0.369156 0.556592 0.429757 0.276081 0.714549 0.339688 0.490402 0.842333 0.349109 0.221375 0.308393 0.523624 0.504837 0.28016 0.200235 0.674899 0.604364 0.584944 0.909775 0.448126 0.202885 0.281829
0.222705 0.66682 0.602841 0.605645 0.181912 0.641199 0.456651 0.332965 0.530769 0.955478 0.665932 0.423702 0.520275 0.0891641 0.518282 0.366827 0.933239 0.543477 0.238967 0.432012 0.639834 0.484257 0.129789 0.57162 0.556781 0.0 0.520951 0.521746 0.572221 0.134611 0.673436 0.153553 0.808136 0.125784 0.176116 0.660571 0.692926 0.675022 0.526976 1.0 0.0254233 0.536778 0.836496 0.737988 0.548144 0.725582 0.218763 0.622103 0.0897453 0.201335
0.467272 0.129864 0.901094 0.610025 0.257726 0.327139 0.485949 0.569741 0.83962 0.858725 0.370731 0.517923 0.810665 0.517026 0.560715 0.250984 0.342046 0.534332 0.761016 0.492316 0.601889 0.570532 0.771695 0.705633 0.305781 0.43778 0.775262 0.386108 0.793117 0.382807 0.555436 0.24747 0.522453 0.47931 0.356931 0.81722 0.324955 0.213402 0.77581 0.430581 0.455363 0.368664 0.582267 0.850482 0.222523 0.878533 0.872291 0.348212 0.767755 0.409333
0.735791 0.475762 0.00357884 0.0934898 0.0740489 0.473831 1.0 0.461549 0.207836 0.164345 0.392684 0.934224 0.0 0.418766 0.453953 0.487406 0.370246 0.559559 0.786986 0.695524 0.605238 0.587562 1.0 0.649806 0.965031 0.445205 0.495621 0.0 0.0 1.0 0.923313 0.279431 0.307406 0.572288 0.966105 0.340981 0.674451 0.696437 0.343713 0.38546 0.390334 0.546491 0.573167 0.381257 0.632351 0.278422 0.754446 0.509981 0.94089 0.712718
0.0393108 0.371806 0.991479 0.4987 0.496892 0.757226 0.59917 0.556953 0.378974 0.897753 0.196131 0.725447 0.676583 0.640348 1.0 0.795877 0.205889 0.579071 0.164873 0.188007 0.456998 0.0647635 0.211316 0.490616 0.607141 0.637889 0.636033 0.874413 0.642885 0.366415 0.186768 0.912221 0.998774 0.113137 0.436072 0.867304 0.465142 0.204509 0.567337 0.678556 0.403764 0.59735 0.920273 0.41942 0.245858 0.917265 0.929055 0.220844 0.267645 0.268933
0.495137 0.304606 0.223052 0.804574 0.557863 0.79389 0.665368 0.574237 0.177502 0.696725 0.24734 0.921533 0.307864 0.328565 0.625683 0.625564 0.491374 0.136265 0.546866 0.659649 0.342344 0.576958 0.395902 0.730225 0.619571 0.379411 1.0 0.255811 0.228554 0.118458 0.609436 0.531192 0.32676 0.226106 0.508005 0.772556 0.641159 0.458656 0.299108 0.915118 0.807787 0.185754 0.351572 0.383909 0.437361 0.637342 0.202872 0.546465 0.401283 0.762174
0.31088 0.491861 0.385175 0.623351 0.216899 0.296938 0.195327 0.318196 0.613347 0.966745 0.426455 0.905213 0.793269 0.645721 0.232508 0.726434 0.408425 0.590047 0.251165 0.530454 0.122633 0.430704 0.113057 0.103461 0.272714 0.624897 0.340757 0.715178 0.483673 0.568369 0.602157 0.286273 0.910833 0.66915 0.422755 0.479507 0.428131 0.705214 0.743043 0.540616 0.672313 0.440407 0.56073 0.728449 0.314478 0.766405 0.443472 0.500095 0.161499 0.121611
0.185956 0.0990843 0.700672 0.3617 0.416059 0.505452 0.0 0.482289 0.990012 0.962582 0.504162 0.0915616 0.413956 0.828661 0.31432 0.417344 0.660924 0.610813 0.299234 0.0 0.510041 0.616129 0.440801 0.521335 0.190558 0.0729897 0.710091 0.767636 0.852841 0.199186 0.220748 0.666714 0.801665 0.885098 0.566687 0.686852 0.402971 0.610224 0.665704 0.712948 0.324887 0.388741 0.362193 0.524168 0.221067 0.806223 0.649659 0.0872633 0.639735 0.443168
0.885923 0.257138 0.0227104 0.684818 0.0 0.754113 0.603936 0.587625 0.0 0.195037 0.739212 0.715187 0.686321 0.908443 0.619957 0.417526 0.511905 0.260053 0.81507 0.471746 0.982864 0.870445 0.693701 0.733585 0.896505 0.752628 0.569242 0.321932 0.536447 0.426819 0.747083 1.0 0.0244521 0.200992 0.661908 0.469247 0.722024 0.803272 0.00658341 0.383762 0.43804 0.595875 0.671482 0.0 0.337965 0.0 0.705872 0.831082 0.880611 0.928955
0.57351 0.169049 0.660889 0.336404 0.730965 0.503618 0.552242 0.112252 0.406286 0.702109 0.583988 0.480846 0.79401 0.111918 0.178996 0.403225 0.550701 0.593004 0.433435 0.128769 0.411659 0.766511 0.308687 0.646228 0.43296 0.419908 0.547231 0.644169 0.3998 0.0394886 0.225887 0.576636 0.766231 0.692963 0.0785874 0.419417 0.241555 0.627023 1.0 0.841908 0.465576 0.559988 0.932147 0.855962 0.499395 0.847377 0.530902 0.0 0.474901 0.217005
0.324471 0.507755 0.44556 0.779379 0.675697 0.432845 0.321801 0.596864 0.472637 0.658196 0.340638 0.53668 0.558116 0.175194 0.353062 1.0 0.607965 0.605532 0.587217 0.113758 0.565608 0.200106 0.0681401 0.861843 0.207458 0.300506 0.323212 0.255624 0.256224 0.244197 0.811199 0.199531 0.450415 0.201059 0.415176 0.407603 0.469796 0.459858 0.206595 0.517936 0.530085 0.572442 0.862698 0.71372 0.964069 0.232194 0.201265 0.269404 0.180999 0.686715
0.404684 0.365569 0.986771 0.907136 0.27252 0.898845 0.50239 0.0610646 0.744512 1.0 0.558268 0.202461 0.490168 0.357213 0.784733 0.818735 0.478966 0.834408 0.415659 0.459715 0.324965 0.252187 0.626179 0.399323 0.356052 0.693051 0.213946 0.529532 0.699334 0.535761 0.28072 0.553294 0.931176 0.628544 0.176869 0.862973 0.39174 0.45051 0.77464 0.744016 0.19333 0.102387 0.281536 0.433459 0.803648 0.821507 0.694696 0.223062 0.288952 0.00897968
0.640173 1.0 0.214005 0.0 0.342271 0.67781 0.38193 0.287786 0.357765 0.138678 1.0 0.803043 0.62043 0.731592 0.633486 0.476519 0.285043 0.441934 0.506054 0.510154 0.738252 0.522021 0.626368 0.258162 0.867928 0.327302 0.0 0.0919663 0.495247 0.417713 0.757116 0.470836 0.768308 0.349618 0.628777 0.0 0.6556 0.301527 0.0650848 0.58451 0.641727 0.843736 0.228412 0.410656 0.609324 0.0784413 0.792068 0.501731 1.0 0.716803
0.718464 0.95453 0.082871 0.790053 0.157129 0.677599 0.483414 0.259003 0.56609 0.591699 0.429186 0.316038 0.744296 0.838719 0.537983 0.286173 0.560089 0.0 0.607678 0.312194 0.789464 0.551341 0.689636 0.117719 0.567663 0.839371 0.702816 0.327095 0.13707 0.20065 0.881115 0.387449 0.301993 0.490045 1.0 0.402968 0.699876 0.629363 0.0973249 0.398886 0.44628 0.945526 0.719086 0.457074 0.549236 0.268244 0.317952 0.722775 0.729301 0.779343
0.246163 0.232479 0.80709 0.688542 0.682194 0.93935 0.557696 0.430829 0.844153 0.854343 0.460799 0.119668 0.752164 0.837984 0.269353 0.236458 0.81982 0.421489 0.436962 0.046141 0.574148 0.414225 0.797833 0.706692 0.569721 0.108992 0.903242 0.427851 0.448086 0.0647255 0.393385 0.46941 0.842258 0.851953 0.279948 0.364061 0.47799 0.18139 0.380182 0.194844 0.601443 0.461293 0.599136 0.807699 0.389906 0.476273 0.446207 0.270046 0.575687 0.138487
0.58706 0.427532 0.0 0.95875 0.385375 0.333679 0.654041 0.887077 0.679398 0.835734 0.56166 0.528038 0.732612 0.190324 0.794224 0.57272 0.629769 0.677437 0.836244 0.269801 0.803426 0.549498 0.635379 0.565742 0.792274 0.350561 0.74486 0.289987 0.678221 0.473814 0.841698 0.348743 0.503336 0.236783 0.843317 0.605055 0.386367 0.496873 0.446437 0.329648 0.446352 0.625408 0.197827 0.543961 0.852873 0.201445 0.751195 0.375773 0.144279 0.724515
0.351589 0.0705599 0.738887 0.931484 1.0 0.242586 0.421302 0.43438 0.334164 0.66421 0.0714669 0.640032 0.353425 0.276517 0.367259 0.13185 0.019144 0.428931 0.275238 0.512209 0.28095 0.205045 0.628713 0.117718 0.04538 0.0733931 0.835399 0.626575 0.715181 0.880344 0.216191 0.512098 0.371543 0.710491 0.0619326 0.4835 0.0727482 0.266126 0.795528 0.757659 0.51386 0.580022 1.0 0.465992 0.0 0.843007 0.993137 0.0805153 0.303653 0.167286
0.548116 0.577459 0.113294 0.704426 0.389021 0.495337 0.573348 0.659579 0.134052 0.649715 0.256927 0.558728 0.658526 0.559834 0.0 0.519021 0.131896 0.100113 0.869796 0.275614 0.444288 0.618266 0.317946 0.432807 0.284907 0.706485 0.0340891 0.177857 0.212412 0.42031 0.621483 0.267249 0.0557466 0.813663 0.41757 0.690567 0.797112 0.0 0.109004 0.156236 0.79407 0.62856 0.354932 0.383061 0.231097 0.418499 0.701947 1.0 0.70427 0.543926
0.662834 0.204597 0.717878 0.332817 0.127084 0.456438 0.704574 0.0443749 0.39408 0.2244 0.828134 0.648332 0.370277 0.60669 0.5836 0.212315 0.46941 0.429447 0.61016 0.437063 0.770788 0.634034 0.570245 0.771912 0.658556 0.0591711 0.56101 0.237684 0.448962 0.595726 0.875253 0.435432 0.477683 0.092454 0.676155 0.330438 0.849437 0.934952 0.345009 0.627239 0.696355 0.54746 0.298971 0.484826 0.413405 0.285921 0.542731 0.892433 0.312069 0.640224
0.141758 0.22868 0.556233 0.462165 0.719961 0.226958 0.264735 0.671198 0.315418 0.875108 0.233477 0.0 0.683281 0.512007 0.725304 0.841156 0.756741 0.525564 0.645271 0.530795 0.866522 0.0163164 0.261782 0.465494 0.477059 0.461436 0.946475 0.789409 0.530493 0.0171233 0.365481 0.734734 0.407288 0.237368 0.3406 0.808598 0.634797 1.0 0.864424 0.361007 0.693978 0.236355 0.86361 0.683189 0.905201 0.679791 0.278453 0.428161 0.289151 0.0839903
0.357409 0.674387 0.237597 0.623652 0.574546 0.579052 0.623099 0.792595 0.92207 0.524036 0.371686 0.90052 0.322817 0.171585 0.739927 0.811555 0.389783 0.437545 0.77217 0.380639 0.348448 0.627425 0.212018 0.440583 0.340981 0.537043 0.379769 0.596814 0.712392 0.419804 0.453833 0.0444409 0.603068 0.661238 0.309063 0.657294 0.323736 0.756864 0.46741 0.606032 0.44695 0.333241 0.0161738 0.733703 0.657916 0.523052 0.868966 0.351966 0.0800956 0.228927
0.386883 0.40026 0.390972 0.596432 0.729938 0.280926 0.650008 0.725826 0.867071 0.647999 0.402794 0.567625 0.633512 0.212609 0.688098 0.589507 0.502854 0.727848 0.59104 1.0 0.320817 0.847533 0.395198 0.00518143 0.314351 0.598948 0.575645 0.533196 0.522102 0.926855 0.437242 0.354038 0.859874 0.3367 0.282409 0.675432 0.697616 0.46847 0.555416 0.341027 0.879256 0.179127 0.267238 0.233258 0.58586 0.801494 0.744376 0.433371 0.0114121 0.339871
0.875258 0.380262 0.092146 0.543537 0.358773 0.880381 0.909194 0.0 0.0382635 0.273517 0.869289 0.437835 0.453554 0.954961 0.180063 0.173072 0.546965 0.0584434 0.641553 0.848055 1.0 0.661948 0.444313 0.450173 0.632898 0.69142 0.323094 0.075755 0.613862 0.273259 1.0 0.553355 0.0 0.395801 0.8229 0.613535 1.0 0.399232 0.118696 0.350827 0.752018 0.896987 0.0 0.516834 0.109568 0.205889 0.632097 0.636629 0.382052 0.797793
0.458845 0.206849 0.386163 0.709583 0.598568 0.44848 0.413729 0.949542 0.492395 0.441798 0.258332 0.546371 0.434887 0.0 0.272829 0.847748 0.542282 0.501445 0.482945 0.358171 0.56699 0.738648 0.0526754 0.351468 0.176626 0.70997 0.661902 0.520607 0.621117 0.373384 0.644913 0.502671 0.643254 0.279134 0.688747 0.917876 0.651354 0.355466 0.228593 0.489249 0.572468 0.250909 0.0599269 0.701521 0.801516 0.69114 0.314356 0.434045 0.0714337 0.421153
0.169408 0.421013 0.740957 0.735754 0.571047 0.557925 0.770682 0.0442787 0.717314 0.3735 0.310454 0.666687 0.146591 0.619306 0.636536 0.27941 0.687327 0.738192 0.368755 0.456997 0.454547 0.627903 0.630416 0.554184 0.141626 0.385073 0.203317 0.714019 0.518094 0.371049 0.364776 0.751158 0.838959 0.846194 0.50293 0.538699 0.229634 0.591099 0.791397 0.0 0.599584 0.114333 0.368031 0.644919 0.2474 0.779838 0.559898 0.46809 0.387963 0.382547
0.524093 0.680029 0.67213 0.653783 0.284051 0.733338 0.568575 0.826607 0.23146 0.588394 0.311991 0.493809 0.631014 0.218823 0.0380278 0.561812 0.490319 0.0967363 0.824743 0.325793 0.651642 0.744846 0.416076 0.192886 0.174817 0.821383 0.626428 0.215792 0.724864 0.322825 0.706857 0.545984 0.590877 0.692352 0.731142 0.823311 0.545664 0.437914 0.381285 0.400099 0.701889 1.0 0.403683 0.294997 0.709654 0.825746 0.554782 0.751254 0.629672 0.248633
0.268862 0.0 0.963373 1.0 0.612191 0.453723 0.541148 0.240786 0.620431 0.697874 0.0 0.36429 0.869325 0.0289719 0.956911 0.389642 0.940602 0.743678 0.0 0.0402508 0.228956 0.0 0.125502 0.675818 0.0 0.323825 0.535471 0.86853 0.775768 0.331539 0.495586 0.606176 0.56983 0.783931 0.471461 0.988202 0.0 0.876272 0.608261 0.536797 0.0 0.275416 0.734252 0.61081 0.561256 0.591824 0.76998 0.306908 0.582225 0.378335
0.342045 0.878591 0.388922 0.0980338 0.28437 0.47357 0.228582 0.700599 0.512613 0.618083 0.0533814 0.885234 0.29246 0.48055 0.502642 0.334514 0.411571 0.604952 1.0 0.919591 0.379864 0.551238 0.0 0.131148 0.358455 0.668331 0.726592 0.745703 0.597768 0.581717 0.486971 0.221391 0.507763 0.258245 0.291772 0.888517 0.23252 0.219148 0.701505 0.381655 0.710125 0.137863 0.207075 0.876525 0.175503 0.548277 0.937731 0.343606 0.598918 0.262298
0.0 0.144147 0.535596 0.531688 0.90233 0.847742 0.0485172 0.0542459 0.52169 0.865236 0.365835 0.346683 0.794869 0.709749 0.274202 0.756491 0.858128 0.514088 0.19635 0.584489 0.174596 0.689325 0.877063 0.229689 0.226148 0.524261 0.507371 1.0 0.265784 0.52156 0.101452 0.487382 0.990062 0.560427 0.180766 0.91539 0.329589 0.691426 0.764292 0.29923 0.732973 0.0 0.320906 1.0 0.217921 0.848335 0.948768 0.259681 0.719497 0.408045
0.0495658 0.443125 0.505243 0.365519 0.321828 0.920874 0.501965 0.190366 0.983009 0.673862 0.327365 0.902191 0.687252 0.35205 0.656099 0.884926 0.849161 0.396714 0.481067 0.550006 0.359043 0.618054 0.336182 0.446932 0.32371 0.148845 0.825555 0.860194 0.565441 0.80064 0.148101 0.44847 0.891483 1.0 0.0 0.985578 0.0842017 0.0547494 0.707369 0.439949 0.392826 0.196027 0.301093 0.589145 0.333217 1.0 0.81602 0.0590627 0.243889 0.208294
0.708854 0.696467 0.709604 0.571908 0.718152 0.568523 0.293265 0.230144 0.808288 0.228998 0.121693 0.28641 0.471449 0.767051 0.407953 0.837238 0.382833 0.830576 0.534004 0.458849 0.221792 0.729368 0.325465 0.29425 0.280096 0.400952 0.494378 0.32532 0.30475 0.446437 0.617402 0.158219 1.0 0.696959 0.416395 0.772128 0.604027 0.184423 0.44998 0.620897 0.266438 0.0198579 0.161933 0.986091 0.656502 0.75489 0.764498 0.523575 0.296493 0.57149
0.830115 0.608234 0.681972 0.447208 0.528988 0.618062 0.326918 0.247196 0.307983 0.537724 0.598237 0.743302 0.883529 0.663606 0.0878694 0.504511 0.543178 0.107305 0.522854 0.893443 0.557725 0.759646 0.575158 0.503331 0.612753 0.620862 0.622146 0.0378993 0.7771 0.149365 0.818127 0.88983 0.207904 0.435853 0.909447 0.422459 0.89239 0.187706 0.350215 0.743847 0.164414 0.573517 0.852291 0.589834 0.728416 0.421323 0.821548 0.84159 0.102423 0.270054
0.660295 0.165655 0.722007 0.315999 0.172024 0.534352 0.625191 0.764556 0.825342 0.624219 0.420538 0.506736 0.843849 0.744211 0.402801 0.619147 0.777694 0.590828 0.448954 0.259274 0.665165 0.959722 0.207772 0.526793 0.128272 0.431728 0.665377 0.604097 0.728233 0.385645 0.789274 0.389542 0.205878 0.36801 0.732242 0.372914 0.310809 0.366917 0.386629 0.594627 0.100324 0.599629 0.14575 0.382976 0.613794 0.31004 0.180848 0.356299 0.527717 0.289121
0.647696 0.111063 0.458215 0.914474 0.293812 0.627078 0.393862 0.486096 0.590647 0.877416 0.473062 0.765405 0.61475 0.602961 0.446997 0.228544 0.716019 0.561374 0.48906 0.0384336 0.41761 0.0547429 0.158908 0.603912 0.268808 0.596503 0.597483 0.333634 1.0 0.246473 0.417163 0.464639 0.46689 0.00628388 0.483065 0.838855 0.648347 0.603554 0.359091 0.516741 0.556063 0.336104 0.823095 0.246971 1.0 0.665566 0.0 0.22393 0.0 0.326882
0.548545 0.194159 0.755593 0.688504 0.704978 0.950494 0.14214 0.677242 0.796549 0.866782 0.0900501 0.633943 1.0 0.162168 0.603175 0.0 0.359697 0.62434 0.739 0.229674 0.640722 0.75812 0.618137 0.556179 0.102638 0.385472 0.489477 0.535228 0.22274 0.269399 0.459664 0.552579 0.701224 0.615851 0.409009 0.569885 0.643017 0.198247 0.613691 0.831027 0.0637919 0.599869 0.884086 0.187355 0.702048 0.57605 0.303737 0.243083 0.154431 0.212915
0.391123 0.284629 1.0 0.818435 0.696059 0.481134 0.133287 0.182033 0.314361 0.958798 0.486081 0.53148 0.26726 0.820387 0.647849 0.185827 0.443427 0.316413 0.639126 0.715198 0.0659689 0.406638 0.495368 0.108869 0.420169 0.109055 0.476058 0.738581 0.686615 0.330332 0.262344 0.669231 0.797216 0.701719 0.397997 0.736222 0.486099 0.734835 0.473564 0.149516 0.604948 0.0352435 0.351078 0.628248 0.13135 0.766263 0.993208 0.289026 0.374742 0.0
0.776174 0.293739 0.254705 0.687365 0.578997 0.156529 0.511128 1.0 0.57967 0.181376 0.717061 0.151854 0.822697 0.598976 0.505567 0.675325 0.51061 0.0911507 0.830202 0.0994295 0.827284 0.329164 0.484929 0.421792 0.596288 0.178255 0.362741 0.214452 0.41905 0.152196 0.749314 0.0 0.496141 0.0 0.443922 0.871365 0.650677 0.895852 0.194884 0.721983 0.182367 0.353207 0.510397 0.707819 0.887962 0.406484 0.387383 0.71556 0.528208 0.791361
0.320578 0.636428 0.948714 0.70938 0.589384 0.412229 0.215316 0.54576 0.434027 0.781373 0.276294 0.478104 0.491253 0.359041 0.915677 0.198747 0.989778 0.498677 0.694933 0.262317 0.684492 0.789148 0.162065 0.72186 0.495564 0.380151 0.34847 0.704239 0.462786 0.47441 0.553264 0.36881 0.742732 0.455838 0.671642 0.473889 0.614733 0.652401 0.250927 0.500794 0.390857 0.435423 0.964036 0.914046 0.358523 0.505299 0.733906 0.234726 0.91169 0.161345
0.277056 0.560861 0.659044 0.710309 0.21242 0.53458 0.399929 0.86756 0.431786 0.364218 0.0828929 0.425945 0.643669 0.133072 0.413939 0.571595 0.533769 0.591502 0.274809 0.288395 0.463984 0.868323 0.503952 0.0977167 0.438503 1.0 0.765846 0.497091 0.202056 0.672256 0.631734 0.123304 0.204278 0.306336 0.400778 0.560506 0.569816 0.788169 0.459961 0.581957 0.773063 0.345564 0.532327 0.167786 0.276268 0.483581 0.328188 0.484114 0.00286162 0.350103
0.932107 0.290819 0.34878 0.408171 0.502114 0.290677 0.331265 0.194878 0.486814 0.121062 0.246745 0.137251 0.348018 0.447135 0.948409 0.615051 0.459849 0.388559 0.180383 0.731176 0.333725 0.251848 0.80176 1.0 0.436129 0.269218 0.790125 0.47606 0.631421 0.462003 0.493872 0.589163 0.719889 0.419594 0.53833 0.441287 0.327119 0.464605 0.465009 0.765037 0.565886 0.563094 0.667762 0.446216 0.658387 0.417451 0.68177 0.438199 0.675254 0.341817
0.522258 0.885778 0.518938 0.443843 0.277521 0.693246 0.348402 0.518947 0.413562 0.421942 0.103643 0.261646 0.592845 0.143006 0.345835 0.688077 0.0827435 0.637127 0.810057 0.902746 0.769445 0.611475 0.211728 0.715058 0.337223 0.208192 0.602717 0.522019 0.528023 0.818967 0.430755 0.253519 0.592619 0.929329 0.673275 0.930614 0.650621 0.83758 0.412471 0.484515 0.303751 0.173668 0.569617 0.762206 0.1917 0.629664 1.0 0.443774 0.275533 0.436745
1.0 0.561471 0.683141 0.565981 0.178786 0.65662 0.814174 0.290576 0.291625 0.00425181 0.970884 0.363437 0.136815 0.414103 0.608641 0.116713 0.662275 0.0574919 0.776724 0.501281 0.680523 1.0 0.703444 0.325884 0.743837 0.325586 0.29315 0.351461 0.149232 0.639158 0.826889 0.574343 0.417091 0.78126 0.913272 0.365322 0.76984 0.52473 0.0 0.201498 0.335701 0.702997 0.518085 0.480586 0.900946 0.389385 0.356386 0.663226 0.646644 0.80124
0.211021 0.570864 0.852404 0.937083 0.462793 0.476449 0.156307 0.315791 0.792042 0.754691 0.419454 0.636692 0.57661 0.103215 0.740179 0.0739263 0.0 1.0 0.659318 0.79653 0.0 0.447075 0.317065 0.0 0.145635 0.530937 0.830455 0.913202 0.4968 0.283798 0.0 0.505886 0.855371 0.786336 0.351944 0.789168 0.0647047 0.323087 0.519426 0.554812 0.861618 0.493582 0.416026 0.572132 0.537951 0.843769 0.453708 0.00930655 0.268957 0.103173
0.415845 0.321846 0.419465 0.413401 0.52634 0.418529 0.692806 0.865841 0.492392 0.514821 0.184318 0.419204 0.398461 0.44302 0.506615 0.401271 0.60368 0.474562 0.788073 0.821869 0.685898 0.50219 0.0656341 0.470313 0.600123 0.701644 0.698728 0.318794 0.829079 0.0 0.778549 0.600197 0.434983 0.447008 0.614242 0.551379 0.993197 0.871004 0.368037 0.84112 0.0506711 0.804977 0.271217 0.6971 0.656409 0.429156 0.148013 0.849757 0.317407 0.443241
0.722174 0.698182 0.457086 0.0869039 0.104091 1.0 0.678476 0.691224 0.322961 0.0 0.693198 0.531139 0.145567 1.0 0.542811 0.535787 0.473309 0.148113 0.869212 0.963914 0.696501 0.488022 0.524851 0.619604 1.0 0.438937 0.580054 0.186865 0.684836 0.67033 0.685451 0.499973 0.480007 0.553176 0.599583 0.182071 0.745484 0.621776 0.335418 0.760602 0.638445 0.305955 0.573978 0.746575 0.824487 0.109307 0.294317 0.855064 0.397781 0.80916