0.431371 0.413141 0.834736 0.240861 0.232419 0.7907 0.576115 0.556771 0.116807 0.552813 0.619803 0.264394 0.520611 0.451424 0.264945 0.064514 0.268627 0.280457 0.432652 0.512692 0.796736 0.398 0.611457 0.402794 0.504565 0.904591 0.454637 0.209719 0.176641 0.75039 0.355747 0.746361 0.923475 0.560598 0.225357 0.642791 0.548612 0.3599 0.262898 0.237769 0.433429 0.866341 0.72313 0.648897 0.68067 0.536251 0.358288 0.759139 0.669012 0.336626
0.762069 0.602639 0.564272 0.337657 0.654769 0.516903 0.787793 0.131382 0.971391 0.563452 0.40836 0.833782 0.638996 0.174506 0.122438 0.785752 0.754729 0.554006 0.494475 0.53478 0.755039 0.503814 0.200678 0.0 0.410286 0.228739 0.551119 0.242427 0.247125 0.250756 0.525922 0.732138 0.653748 0.474682 0.665216 0.598967 0.744467 0.157227 0.589573 0.800986 0.746787 0.634133 0.724768 0.389285 0.310775 0.0 0.241973 0.626437 0.753591 0.536374
0.519647 0.379977 0.492201 0.915247 0.693747 0.310921 0.488016 0.432632 0.581506 1.0 0.458581 0.509567 0.772383 0.438496 0.252589 0.411973 1.0 0.450754 0.19041 0.0844516 0.592743 0.0 0.372395 0.801947 0.633702 0.217994 0.656588 0.841511 0.574811 0.0610266 0.393811 0.367481 0.809095 0.401911 0.452048 0.787682 0.215106 0.442986 0.525035 0.722901 0.686524 0.571344 0.442121 0.950993 1.0 0.845582 0.347337 0.082994 0.148327 0.635001
0.390244 0.409562 0.79085 0.334434 0.439125 0.415634 0.249616 1.0 0.902601 0.602063 0.399002 0.797155 1.0 0.750198 0.656683 0.238208 0.597922 0.419425 0.813869 0.899026 0.582955 0.900473 0.545228 0.372407 0.242413 0.582786 0.530839 0.202213 0.570259 0.413746 0.642065 0.515191 0.886865 0.677867 0.250524 0.492366 0.552641 0.502174 0.344766 0.143023 0.794584 0.663241 0.669996 0.545536 0.35886 0.717701 0.662161 0.957513 0.359905 0.95041
0.881008 0.436618 0.393333 0.410813 0.346369 0.983295 0.264425 0.513677 0.332873 0.106629 0.693967 0.901967 0.784017 0.960224 0.422462 0.379556 0.668012 0.937656 1.0 1.0 0.473623 1.0 0.45929 0.19203 0.700683 0.614975 0.579816 0.0 0.558647 0.93037 0.150276 0.754177 0.523519 0.902537 0.158589 0.987486 0.17469 0.559125 0.766779 0.0 0.934276 0.986109 0.483595 0.278359 0.00914174 0.0646148 0.700581 1.0 0.164096 0.49187
0.575292 0.356267 1.0 0.771223 0.762605 0.476817 0.500991 0.498029 0.921065 0.099746 0.794043 0.648712 0.295611 0.758914 0.00675648 0.0 0.266367 0.597766 0.292283 0.466055 0.960589 0.777058 0.719163 0.819719 0.680378 1.0 0.63284 0.307244 0.0954192 0.56731 0.348121 0.777606 0.751493 0.562262 0.475685 0.489631 0.44108 0.124808 0.409243 0.387667 0.563688 0.64162 0.199347 0.653786 0.638744 0.494774 0.895683 0.645386 0.315988 0.231285
0.396923 0.835464 0.430719 0.500346 0.255927 0.594749 0.455542 0.152193 0.360807 0.662019 1.0 0.682665 0.173111 0.394096 0.402101 0.032616 0.836176 0.598141 0.338952 0.686835 0.679576 0.806833 0.247554 0.411869 0.813337 0.145516 0.262933 0.381531 0.366565 0.226886 0.791277 0.487776 0.633632 0.253158 0.0929315 0.325467 0.890499 0.461137 0.405859 0.702889 0.598439 0.852755 0.675066 0.444829 0.337487 0.751384 0.287817 0.859943 0.289299 0.341212
0.509764 0.171316 0.662623 0.450555 0.123712 0.370827 0.581882 0.643025 0.773017 0.650004 0.532867 0.721979 0.654818 0.654887 0.486354 0.363667 0.387351 0.702601 0.809751 0.523843 0.611453 0.670104 0.86641 0.776092 0.558951 0.710988 0.663817 0.177465 0.723521 0.582806 0.69997 0.291204 0.187117 0.496958 0.223281 0.513121 0.365033 0.198525 0.862034 0.185726 0.950736 0.475877 0.495877 0.717642 0.109431 0.94226 0.604886 0.367293 0.616366 0.665517
0.259951 0.179839 0.207687 0.375512 0.426642 0.0 0.981142 0.625207 0.347938 0.407132 0.0 0.448394 0.101452 0.0112214 0.601495 1.0 0.795668 0.932671 0.283864 0.143366 0.12685 0.225011 0.574633 0.871562 0.67536 0.235505 0.652696 0.439739 0.453341 0.618731 0.697727 0.0 0.39828 0.514423 0.776138 0.575193 0.416799 1.0 0.762564 0.713598 0.0 0.0 0.88975 0.687044 0.759725 0.651801 0.393428 0.0 0.997147 0.0
0.135397 0.589722 0.678762 0.227907 0.460547 0.72128 0.868717 0.686924 0.202583 0.605987 0.403225 0.616187 0.702151 0.894397 0.882931 0.83616 0.203163 0.398955 0.33509 0.0916522 0.818075 0.189559 0.188751 0.675019 0.961348 0.955429 0.401589 0.661511 0.592723 0.328478 0.2036 1.0 0.747045 0.0 0.64878 0.498922 0.743645 0.123231 0.398198 0.49624 0.621137 1.0 0.894092 0.326307 0.298336 0.546721 0.787482 0.459975 0.424998 0.620247
0.388954 0.450539 0.423157 0.761925 0.612497 1.0 0.629022 0.222955 0.245206 0.767784 0.490214 0.81761 0.328678 0.511264 0.745415 0.46116 0.406904 0.437912 0.640993 0.74061 0.323021 0.714906 0.611341 0.78991 0.872876 0.528528 0.86813 0.226558 0.0 0.225698 0.0557833 0.917366 0.440141 0.545042 0.222302 0.695677 0.573111 0.397869 0.581587 0.803017 0.916424 0.234024 0.279637 0.223143 0.219707 0.775937 0.297459 0.623636 0.592484 0.837292
0.470256 0.451394 0.402384 0.523582 0.181234 0.286774 0.201359 0.44568 0.734854 0.86824 0.616497 0.624272 0.843536 0.811508 0.115159 0.666244 0.451555 0.682202 0.287129 0.551022 0.517756 0.503646 0.32219 0.358878 0.634916 0.874666 0.42506 0.624614 0.297226 0.676518 0.835854 0.499585 0.970404 0.714103 0.46372 0.183168 0.462244 0.655836 0.934034 0.487998 0.78294 0.726457 0.627761 0.845234 0.353958 0.666288 0.331743 0.6762 0.316803 0.111038
0.127352 0.207922 0.46443 0.294881 0.389169 0.370311 0.0234736 0.568122 0.989487 0.776674 0.772981 0.142061 0.259228 0.657937 0.207348 0.409223 0.524687 0.678668 0.334067 0.128009 0.72229 0.758959 0.536629 0.405341 0.463349 0.331264 0.611798 0.559667 0.739067 0.390634 0.203205 0.795733 0.579897 0.808859 0.686886 0.46494 0.671229 0.587093 0.719783 0.807758 0.358759 0.557992 0.248127 0.291046 0.282757 0.678836 0.64242 0.332854 0.538891 0.84339
0.751339 0.151425 0.191495 1.0 0.205346 0.546744 0.48653 0.764569 0.118014 0.341113 0.611319 0.486456 0.836534 0.565144 0.728787 0.651223 0.710812 0.674899 0.633278 0.275678 0.900874 0.834075 0.331836 0.806322 0.765236 0.825469 0.648921 0.68456 0.738226 0.345192 0.451416 0.849655 0.123382 0.169778 0.191691 0.739501 0.486162 0.813456 0.28392 0.554033 0.34552 0.295902 0.705158 0.0827031 0.294288 0.0714051 0.596155 0.561317 0.714749 0.808823
0.880556 0.282629 0.18178 0.378465 0.982256 0.250883 1.0 0.339459 0.321461 0.335615 0.739861 0.55322 0.682782 0.124802 0.0715532 0.576698 0.507717 0.42331 0.460101 0.0443112 0.605486 0.871268 0.207088 0.828042 0.679926 0.790644 0.320863 0.396402 0.195799 0.0 0.485514 0.552904 0.428303 0.389739 0.0911746 0.00178456 0.418184 0.640853 0.888803 0.908003 0.594977 0.854977 0.849636 0.80145 0.628012 0.620531 0.366959 0.28429 0.521461 0.721079
0.112538 0.601656 0.52332 0.528938 0.847337 0.464498 0.170107 0.576877 0.569677 0.576769 0.477537 0.784185 0.4431 0.390493 0.184917 0.740038 0.280304 0.799424 0.771319 0.42228 0.576795 0.445772 0.0836331 0.880669 0.303857 0.631156 0.175199 0.213215 0.155232 0.619703 0.662826 0.458062 0.438809 0.39001 0.0549821 0.15038 0.26216 0.23984 0.475085 0.281415 0.956454 0.844947 0.704743 0.719712 0.640078 0.19688 0.552902 0.34853 0.0712603 0.947183
1.0 0.467539 0.895778 0.636048 0.174279 0.893384 0.556536 0.0745069 0.657056 0.600237 0.78183 0.321664 0.422776 0.672305 0.564911 0.638452 0.283661 0.775289 0.708443 0.909197 0.659118 0.430468 0.935537 0.389838 0.677011 0.82197 0.174749 0.0613925 0.565953 0.76015 0.161113 0.998515 0.858389 0.746322 0.207077 0.84857 0.549519 0.299238 0.706933 0.630566 0.478366 0.381923 0.0 0.175295 0.603299 0.419063 0.840766 0.743437 0.471349 0.269472
0.0 0.705457 0.478291 0.323005 0.776716 0.346586 0.0497229 0.523374 0.421701 0.259234 0.767 0.436985 0.759634 0.219062 1.0 0.883543 0.5905 0.762493 0.0 0.192944 0.269516 0.127194 0.135236 0.202463 0.542688 0.162883 0.114164 0.391765 1.0 0.0924093 0.176125 0.276778 1.0 0.188161 0.143223 0.279408 0.182978 0.54343 0.215426 0.943047 0.317635 0.469432 0.378566 0.549043 0.752633 0.265197 0.404713 0.025262 0.974781 0.250975
0.645069 0.925889 0.0771108 0.891862 0.412234 0.397829 0.311903 0.0465327 0.901557 0.637709 0.217298 0.377678 0.720734 0.653144 0.624295 0.468674 0.574343 0.218967 0.27196 0.126123 0.430757 0.427117 0.573715 0.201 0.371928 0.859319 0.801588 0.770009 0.183855 0.112057 0.692084 0.375048 0.407683 0.59625 1.0 0.245911 0.240628 0.53096 0.570072 0.582022 0.645645 0.805938 0.776813 0.635815 0.465391 0.47146 0.268021 0.459984 0.618616 1.0
0.259742 0.434747 0.774793 0.586498 0.562456 0.848724 0.550045 0.751359 0.8567 0.682446 0.458383 0.294639 0.649085 0.872848 0.199323 0.402148 0.617668 0.608501 0.668377 0.389842 0.642145 0.561664 0.845515 0.779984 0.897221 0.440778 1.0 0.214112 0.42814 0.337659 0.342876 0.509913 0.864702 0.88838 0.273864 0.284039 0.592449 0.157619 0.306439 0.0636154 0.974816 0.49809 0.308882 0.897586 0.24526 0.196566 0.564358 0.558185 0.488408 0.0388132
0.521233 0.578948 0.192189 0.975519 0.720144 0.30892 0.530447 0.881032 1.0 0.994317 0.639196 0.554095 0.777495 0.422937 0.848428 0.513742 0.603872 0.96142 0.825481 0.383838 0.725507 0.631049 0.860471 0.560874 1.0 0.373741 0.719887 0.337702 0.55982 0.605743 0.612846 0.51505 0.84161 0.333485 0.736639 0.347419 0.114371 0.289628 0.743992 0.217277 0.833823 0.711526 0.250057 0.598032 0.734681 0.0785379 0.889639 0.34065 0.0502026 0.97793
0.739035 0.223118 0.429603 0.87424 1.0 0.257015 0.569692 0.467023 0.0 0.301064 0.451595 0.535674 0.196908 0.480103 0.098753 0.193513 0.280068 0.253049 0.310166 0.354084 0.656268 0.197408 0.667264 0.202982 0.385153 0.171452 0.631479 0.286114 0.89155 0.842164 0.546279 0.558456 0.0 0.551899 0.186383 0.0 0.148818 0.329676 0.648455 0.840762 0.537754 0.936973 1.0 0.467945 0.309497 0.457038 0.659271 0.17435 0.404593 0.511819
0.284117 0.384271 0.0147899 0.883222 0.796118 0.0984539 0.729625 0.305227 0.154441 0.73547 0.271308 0.245395 0.72262 0.491953 0.241051 0.778143 0.424559 0.234588 0.5275 0.0957747 0.0 0.312408 0.229707 0.75208 0.272073 0.409299 0.0 0.459524 0.376792 0.073374 0.104869 0.211039 0.102537 0.822207 0.198974 0.619151 0.73131 0.111273 0.286766 0.253006 0.844937 0.380424 0.596785 0.634275 0.258763 0.43685 0.638754 0.769441 1.0 0.617324
0.177375 0.0 0.983352 0.55248 0.425427 0.326347 0.516811 0.0 0.673071 0.503023 0.594521 0.451578 0.624611 0.341505 0.503583 0.39627 0.450889 0.631342 0.36027 0.0370268 0.725258 0.524441 0.31334 1.0 0.2366 0.202882 0.688015 0.562392 0.542349 0.517408 0.488408 0.490435 0.385671 0.0781336 0.360009 0.458953 0.599066 0.713974 0.715776 0.734398 0.651286 0.38947 0.457672 0.472821 0.228315 0.418791 0.515009 0.636453 0.311861 0.303458
0.194393 0.286098 0.301928 0.31819 0.707847 0.347018 0.20822 0.719841 0.284885 0.66802 0.460303 0.296387 0.555485 0.831003 0.587561 0.747149 0.550687 0.607212 0.747221 0.6175 0.923788 0.353897 0.474483 0.439465 0.761114 0.870206 0.792344 0.605258 0.227517 0.260927 0.376265 0.917335 0.239048 0.462924 0.241073 0.60836 0.893252 0.634899 0.793052 0.0880736 1.0 0.495603 0.522132 0.542968 0.886003 0.669666 0.352364 0.744595 0.26868 0.247414
0.314057 0.646569 0.0851343 0.488319 0.789785 0.660161 0.873637 0.732808 0.725276 0.389426 0.516811 0.809696 0.334645 0.249969 0.882969 0.774522 0.610338 0.489894 0.688703 0.0 0.527948 0.641178 0.208955 0.806117 0.606633 0.65099 0.214428 0.686442 0.661851 0.279986 0.38823 0.206754 0.292428 0.740152 0.25661 0.244395 0.193876 0.776325 0.646109 0.618412 0.433866 0.777442 0.309547 0.694299 0.750548 0.255651 0.725964 0.220197 0.276539 0.18042
0.640171 0.371926 0.0 0.549765 0.741064 0.218861 0.879415 0.543503 0.767932 0.601722 0.872507 0.446601 0.708929 0.301857 0.602922 0.673666 0.657384 0.90077 0.561663 0.813868 0.55156 0.937043 0.519271 0.173235 0.714987 0.60983 0.344499 0.356344 0.458789 0.897997 0.68058 0.452299 0.741402 0.273245 0.283968 0.278503 1.0 0.571662 0.625355 0.415898 0.987577 0.465579 0.269231 0.0 0.590574 0.464706 0.664498 0.486198 0.200763 0.763082
0.620429 0.0629441 0.465715 0.862002 0.870459 0.50823 0.499261 0.233209 0.394496 0.404167 0.551597 0.0506306 0.749233 0.577058 0.559867 0.59892 0.769243 0.475468 0.190594 0.560015 0.720581 0.424487 0.0 0.567763 0.252273 0.484867 0.581405 0.583452 0.991249 0.0791839 0.545375 0.272943 0.419657 0.153991 0.167145 1.0 0.650939 0.484161 0.614734 0.722035 0.702186 0.45989 0.324755 0.884802 0.0 0.518745 0.444409 0.176589 0.197694 0.454631
0.471269 0.155426 0.378187 0.41349 0.572469 0.469315 0.296721 0.774149 0.328229 0.18893 0.440481 0.500564 0.290776 0.188761 0.125707 0.66657 0.709549 0.520052 0.481177 0.468092 0.869205 0.826047 0.00772583 0.331232 0.24038 0.656581 0.639556 0.610238 0.72721 0.490023 0.569243 0.833843 0.40909 0.550213 0.719756 0.81131 0.70635 0.321033 0.32969 0.238434 0.908379 0.485589 0.150936 0.70793 0.40278 0.820388 0.23525 0.371606 0.379409 0.373626
0.0635887 0.473858 0.721052 0.860219 0.667582 0.335507 0.875701 0.296845 0.74257 0.103388 0.207758 0.372731 0.177682 0.436219 0.731337 0.483702 0.791233 0.896625 0.293771 0.251203 0.424403 0.411221 0.31651 0.924473 0.0 0.230925 0.137394 0.663989 0.80307 0.0793952 0.14935 0.54626 0.919443 0.584387 0.556715 0.581049 0.0340403 0.848405 0.931025 0.256429 0.23317 0.106401 0.648275 0.893629 0.498527 0.861333 0.0035181 0.564425 0.427554 0.40198
0.499014 0.731731 0.698338 0.834904 0.368697 0.501965 0.844633 0.715283 0.303546 0.30814 0.300574 0.332341 0.493513 0.105517 0.232748 0.773365 0.568785 0.260221 0.491822 0.136099 0.476641 0.317059 0.308324 0.432168 0.136153 0.626097 0.595177 0.269388 0.952375 0.260211 0.562869 0.399115 0.922167 0.551731 0.599735 0.872416 0.138215 0.599835 0.469359 0.615206 0.611377 0.733329 0.571954 0.354477 0.871225 0.990764 0.438967 0.579332 0.770095 0.19068
0.467351 0.278651 0.502379 0.768502 0.470019 0.614214 0.89078 0.162516 0.28231 0.186702 0.314058 0.713996 0.617907 0.278127 0.804701 0.288828 0.73009 0.627435 0.245494 0.212242 0.346706 0.293365 0.278272 0.64524 0.393932 0.859199 0.170507 0.507808 0.564246 0.621857 1.0 0.916199 0.0657139 0.983897 0.646273 0.800843 0.0753082 0.776647 0.368635 0.30779 0.379997 0.65659 0.41546 0.228007 0.499967 0.214233 1.0 0.777938 0.784337 0.992591
0.80693 0.917831 0.394349 0.0 0.139478 0.616507 0.141984 0.415424 0.354232 0.391479 0.212964 0.674716 0.241451 0.684195 0.449782 0.291093 0.494591 0.499475 0.927165 0.835864 0.596154 0.357207 0.185265 0.357854 0.583722 0.847451 0.630773 0.571243 0.700918 0.509353 0.582354 0.590629 0.428097 0.144604 0.417688 0.720527 0.199735 0.121373 0.713367 0.453882 0.682063 0.386612 0.316788 0.762692 0.267044 0.0181323 0.808524 0.483449 0.785517 0.42726
0.242321 0.194866 0.262678 0.39154 0.876557 0.672846 0.222012 0.211295 0.257116 0.512435 0.67002 0.281549 0.875436 0.782994 0.0961956 0.774371 0.997405 0.289184 0.204869 0.4684 0.480141 0.64282 1.0 0.402273 0.521642 0.669191 0.323483 0.668851 0.316146 0.443568 0.36974 0.488919 0.691001 0.253635 0.316556 0.582513 0.591883 0.708505 0.528145 0.322096 0.692422 0.253415 0.405615 1.0 0.570597 0.323958 0.539399 0.571045 0.767164 0.896884
0.45032 0.496413 0.329097 0.0553747 0.0382114 0.813149 0.876982 0.135822 0.627813 0.127164 0.783325 0.880823 0.581787 0.547665 0.444646 0.618006 0.801329 0.0 0.51728 0.532825 0.9424 0.634208 0.715449 0.704032 0.786556 0.37514 0.645171 0.46147 0.398868 0.905705 0.417023 0.61946 0.631237 0.838537 0.18018 0.579061 0.282151 0.0 0.343621 0.35812 0.595344 0.637685 0.262694 0.382609 0.623468 0.784805 0.611232 0.290708 0.485061 0.700241
0.852293 0.643257 0.597588 0.781628 0.860668 0.642762 0.312542 0.333348 0.736101 0.389035 0.252679 0.29951 0.597204 0.90987 0.387845 0.679962 0.556014 1.0 0.7229 0.197256 0.542701 0.710311 0.280855 0.388105 0.482348 0.732842 0.402732 0.201249 0.15441 0.256725 0.783423 0.33661 0.730664 0.493407 0.236421 0.773795 0.815004 0.217511 0.511293 0.383557 0.457638 0.328372 0.3492 0.860262 0.63947 0.693861 0.504588 0.647355 0.310867 0.741975
0.626734 0.538358 0.891881 0.398599 0.574074 0.44383 0.0 0.230577 0.669035 0.63029 0.67571 0.736915 0.893827 0.645101 0.112301 0.566437 0.582766 0.552832 0.344011 0.747671 0.420307 0.743511 0.641362 0.661355 0.681843 0.600485 0.727251 0.243306 0.831996 0.409964 0.552749 0.862831 0.413436 0.506411 0.724801 0.313708 0.614633 0.281623 0.700918 0.731963 0.312232 0.332112 0.820823 0.804471 0.631281 0.544998 0.998883 0.582793 0.0 0.174416
0.875374 0.220073 0.819725 0.168182 0.193967 0.469985 0.616218 0.510072 0.918608 0.634932 0.688466 0.647985 0.846352 1.0 0.334997 0.612231 0.793055 0.83666 0.382413 0.343794 0.697621 0.91403 0.348052 0.608809 0.288088 0.418343 0.559321 0.713535 0.649216 0.434554 0.802568 0.525441 0.334209 0.230138 0.723137 0.0897848 0.0946529 0.310384 0.509038 0.386609 0.441042 0.633933 0.0823284 0.390405 0.549542 0.238599 0.153584 0.297834 0.547929 0.216445
0.736134 0.440126 0.593755 0.448416 0.0571891 0.885727 0.428291 0.373972 0.391891 0.687588 0.417247 1.0 0.499536 0.775868 0.139595 0.119038 0.627531 0.603977 0.592934 0.198939 0.655363 0.266259 0.304976 0.70357 0.372742 0.75804 0.383275 0.167902 0.867158 0.819335 0.189132 0.633225 0.369694 0.191882 0.401007 0.758174 0.612028 0.326328 0.473387 0.133425 0.770296 0.476602 0.879591 0.0657607 0.652426 0.901016 0.259272 0.362987 0.175509 0.460501
0.926383 0.348642 0.465699 0.515819 0.712309 0.905779 0.191899 0.513335 0.671142 0.448671 0.265354 0.637645 0.709391 0.398067 0.790022 0.134489 0.458612 0.540441 0.751714 0.369632 0.951387 0.711349 0.784158 0.778185 0.383908 0.541468 0.397504 0.463357 0.185474 0.383468 0.452751 0.673594 0.596268 0.529327 0.417409 0.394835 0.833283 0.247075 0.662659 0.823616 0.362718 0.614696 0.749233 0.01809 0.682728 0.210118 0.296122 0.353401 0.303454 0.486044
0.509609 0.397785 0.85793 0.852529 0.671264 0.312247 0.328097 0.240306 0.091342 0.761638 0.745724 0.39234 0.192143 0.611986 0.605919 0.375806 0.689851 0.307614 0.514164 0.486077 0.219547 0.362364 0.490839 0.273786 0.713884 0.0 0.280893 0.590007 0.660648 0.170466 0.443014 0.444263 0.60243 0.363757 0.494156 0.565289 0.704053 0.712332 0.171909 0.14152 0.640159 0.0648048 0.255609 0.620646 0.364976 0.650573 0.612177 0.193455 0.542349 0.0579081
0.887471 0.431881 0.628837 0.3142 0.625336 0.37043 0.359664 0.692164 0.736816 0.0 0.8378 0.315912 0.762979 0.774676 0.391975 0.567821 0.421791 0.337821 0.74341 0.381847 0.804813 0.48112 0.792838 0.301824 0.748158 0.223176 0.091996 0.284192 0.202614 0.564217 0.289588 0.36387 0.903606 0.29024 0.1426 0.854871 0.341398 0.685162 0.593247 0.520638 0.584108 0.455575 0.41207 0.686729 0.425188 0.698366 0.679708 0.776853 0.662997 0.922692
0.192044 0.646692 0.935931 0.745113 0.67891 0.435638 0.194064 0.707972 0.540512 0.75734 0.434962 0.690894 0.438724 0.414987 0.779217 0.147206 0.848944 0.769016 0.747342 0.274959 0.822377 0.927581 0.0692399 0.711479 0.76833 0.622177 0.289417 0.656016 0.21435 0.668566 0.550138 0.413394 0.701086 0.375655 0.50919 0.279764 0.737976 0.443595 0.273494 0.471566 0.593102 0.568263 0.819533 0.954507 0.318151 0.476881 0.58165 0.324187 0.651332 0.125127
0.337849 0.485351 0.776516 0.568332 0.310763 0.45137 0.0620408 0.695146 0.476943 0.158849 0.347461 0.39102 0.673981 0.384581 0.48243 0.537491 0.758172 0.754563 0.213299 0.284185 0.49146 0.839116 0.784895 0.197006 0.790781 0.823608 0.827293 0.426161 0.295841 0.705463 0.605421 0.192935 0.147132 0.223164 0.32774 0.305879 0.510792 0.794516 0.62493 0.566726 0.948613 0.38614 0.700464 0.132756 0.101342 0.24174 0.381847 0.290528 0.217069 0.450075
0.973943 0.47617 0.257685 0.161647 0.439067 0.519109 0.187245 0.492884 0.682304 0.144038 0.130936 0.154852 0.553581 0.374021 0.979666 0.754239 0.442151 0.674704 0.396682 0.837952 0.433996 0.339329 0.583403 0.984227 0.333214 0.571479 0.681219 0.480308 0.514689 0.665901 0.0 0.54485 0.870603 0.359627 0.0 0.713859 0.0 0.322661 1.0 0.549676 0.764844 0.853027 0.645176 0.322263 0.409966 0.479741 0.422669 0.670662 0.379425 0.00102687
0.945152 1.0 0.618733 0.376834 0.0 0.843937 0.468585 0.355444 0.396797 0.238112 0.245934 0.515578 0.605204 0.407602 0.0 0.606466 0.0 0.709358 0.884071 0.990078 1.0 0.638785 0.491503 0.810883 0.365535 0.388419 0.371556 0.0149409 0.45095 1.0 0.382967 0.638799 0.603497 1.0 0.976873 0.883539 0.851077 0.624374 0.252324 0.101443 0.676924 0.344395 0.566503 0.299454 0.0369962 0.461975 0.912112 0.793036 0.388131 0.597831
0.573768 0.227988 0.987843 0.984046 0.73639 0.273123 0.56383 0.544456 0.522927 0.35549 0.657056 0.0 0.272786 0.0 0.859473 0.444774 0.901017 0.28454 0.30441 0.105803 0.289919 0.658597 0.271286 0.268507 0.386502 0.357855 0.50163 1.0 0.427034 0.313555 0.173953 0.49645 0.641884 0.701854 0.464834 0.695785 0.410901 0.536007 0.31355 0.517108 0.0444782 0.406142 0.745748 0.779282 0.971663 1.0 0.0991722 0.113548 0.601101 0.270589
0.433724 0.796675 0.638169 0.972497 0.16022 0.328396 0.408658 0.430648 0.526493 0.469989 0.887482 0.466889 0.619068 0.295465 0.660029 0.076482 0.241404 0.892202 0.700266 0.747034 0.292575 0.51217 0.301278 0.135447 0.583814 0.470922 0.7423 0.626406 0.47075 0.0663365 0.356439 0.374188 0.722118 0.642284 0.629626 0.366076 0.2139 0.378089 0.0 0.584257 0.951179 0.873713 0.309876 0.707415 0.821844 0.388484 0.0 0.332547 0.389302 0.492011
0.0351675 0.381999 0.552552 0.159418 0.892787 0.293919 0.903181 0.485637 0.670427 0.413216 0.295668 0.586508 0.0 0.540918 0.541717 0.340401 0.614433 0.785694 0.610156 0.839379 0.308496 0.404711 0.162399 0.437856 0.828613 0.740847 0.386901 0.571412 0.716413 0.128296 0.286904 0.95875 0.720949 0.795 0.39395 0.0514594 0.805145 0.602053 0.773163 0.782423 0.344696 0.864414 0.180199 0.925051 0.515712 0.59323 0.282996 0.594856 0.662764 0.526734
0.188086 0.526612 0.511079 0.419018 0.528875 0.706521 0.529835 0.88888 0.626701 0.252256 0.455547 0.438136 0.301443 0.662262 0.70109 0.73416 0.55428 0.352278 0.627602 0.563743 0.493441 0.231087 0.282506 0.761104 0.86106 0.609236 0.737001 0.536593 0.958687 0.44168 0.0959724 0.44475 0.485954 0.374674 0.178593 0.0936128 0.414595 0.468738 0.802445 1.0 0.7244 0.135233 0.824524 0.997382 0.774482 0.22403 0.121909 0.443488 0.279099 0.714892