-2.700135832274654479e+00 1.306480052038434092e+00
-3.288866024725723314e+00 1.728726260520742075e+00
-7.082251253342385588e+00 4.770910908683149820e+00
-3.940054697052019606e+00 1.657868268696086389e+00
-3.301394470830685712e+00 1.761928747579064369e+00
-6.301193134252053518e+00 3.643645977402190539e+00
-7.717959708984102996e+00 5.403984715344378742e+00
-5.816266743653482507e+00 3.565376841105032391e+00
-3.311098469687769885e+00 1.814101639045770487e+00
-4.045718020443685781e+00 2.479891978116889106e+00
-8.091538802110076034e+00 4.683067547496841954e+00
-4.845720409993791833e+00 2.054461812622424777e+00
-5.164263854028312117e+00 3.057951623880904801e+00
-4.164132890627413985e+00 2.134683798592408088e+00
-4.992505050991238313e+00 2.092688971913852836e+00
-5.016016494131150694e+00 2.729247218674009545e+00
-3.636645111192525537e+00 1.956226337748195432e+00
-3.813251634420637970e+00 1.754984775824908416e+00
-6.537937430660228699e+00 4.383587394295515693e+00
-9.057003028969468517e+00 5.044898961535397852e+00
-5.454042286379255700e+00 2.797175501355729565e+00
-4.258194152115852837e+00 2.513889606701292134e+00
-4.939748607524598434e+00 2.359178654151610210e+00
-4.264158635013535203e+00 2.223724367678638902e+00
-4.265454988415608995e+00 2.659262412568792033e+00
-4.069923657326516953e+00 1.557931375231030424e+00
-4.273250845131567388e+00 1.689355441754845755e+00
-3.672361920997102569e+00 1.993607414761190633e+00
-4.521494678580367577e+00 2.510172208948072470e+00
-5.831929654128779283e+00 3.795266422043749976e+00
-4.240514334816191777e+00 2.613123159079518754e+00
-4.341290680949975389e+00 2.408243252709798110e+00
-6.680452469406235494e+00 4.080367725317702643e+00
-2.984412990749204297e+00 1.265412875695059780e+00
-5.238775437297358728e+00 4.629576731913290999e+00
-5.685996952169265484e+00 3.780231832499238553e+00
-6.498055674369197732e+00 3.914611283122316543e+00
-5.998663037586804414e+00 3.747700674028262124e+00
-5.047772789106296010e+00 1.841710844077603992e+00
-4.543610343218163372e+00 1.222478848963370224e+00
-3.715702752521019558e+00 2.103122277758543657e+00
-4.585277964593437616e+00 2.010464885560892423e+00
-4.462478589252942385e+00 2.776414797059686634e+00
-3.330649945268277623e+00 1.510544559947236687e+00
-4.725277941140435090e+00 2.912568286775857551e+00
-6.053869377138467733e+00 2.013352263039886125e+00
-4.684604461752230442e+00 1.693978117141708539e+00
-3.112421162170293076e+00 1.682088970016720753e+00
-4.226768264606337588e+00 2.582052086898163346e+00
-4.521899883127463049e+00 2.860959945279089034e+00
-3.364645021911077283e+00 1.339586560679228100e+00
-4.696920697112882515e+00 2.767847507710119892e+00
-4.192723112123992735e+00 2.230163045604105054e+00
-7.599207854278297702e+00 5.376253219481800905e+00
-4.544496868840657733e+00 2.238494119696714080e+00
-6.370086005740271062e+00 4.543171855307518214e+00
-3.558913460791858441e+00 1.952731065733156246e+00
-4.225540189006296465e+00 2.080259116919080498e+00
-4.024098502147922751e+00 2.152376746327695045e+00
-5.513810344188456725e+00 3.136206117073891519e+00
-7.130644993286182398e+00 5.111904886508082058e+00
-5.169727754275090348e+00 3.067148930379056893e+00
-4.795784252822311799e+00 1.973976471739946170e+00
-3.937161490983259071e+00 1.218285252874839575e+00
-3.963449185180508927e+00 2.505639291317928397e+00
-5.762726391245638347e+00 3.576710742452099634e+00
-5.336880371102825649e+01 4.827949962155765107e+00
-4.278122263394970481e+00 2.493717507767349684e+00
-3.937794486010113726e+00 2.067706682668698726e+00
-3.689078437661979848e+00 2.070911172910275599e+00
-3.784833301535419192e+00 1.969455101309318446e+00
-5.045207911167618242e+00 2.974203828535735283e+00
-3.423478255639043510e+00 2.273135471765286741e+00
-6.260337865448883043e+00 3.687238578217698404e+00
-5.540904786025204309e+00 2.006225685074607412e+00
-6.441767219101055986e+00 3.660246759427044250e+00
-5.220347032482975713e+00 3.263212249332788861e+00
-5.357629569640199207e+00 3.489893809754212040e+00
-3.456124199658525686e+00 1.874777743308973399e+00
-3.490757521634936023e+00 1.502976097563418323e+00
-3.140132534278684773e+00 1.413258982548574405e+00
-4.080393774174111421e+00 1.882871123557509963e+00
-3.552702497806042192e+00 1.614446794956989839e+00
-3.827200485537599839e+00 2.128381095350216690e+00
-4.256791001825596332e+00 2.271322515775216377e+00
